Uns_states= [1 1 1 1 1 0 0 0 0 0 1 1 1 1 1 1 1 1 0 0 0 0 0 1;
             0 0 0 0 0 1 0 1 1 1 1 1 1 1 0 0 0 0 1 1 1 1 1 0;
             0 0 0 0 0 0 0 1 1 0 0 1 0 1 0 0 1 1 0 0 1 0 0 0;
             0 0 0 0 0 0 0 1 0 0 1 0 0 1 0 1 0 0 0 1 1 0 0 0;
             1 1 0 0 0 0 0 0 1 1 0 0 0 0 0 0 0 0 0 1 1 1 1 0;
             0 0 0 1 1 0 0 0 0 0 1 1 1 0 0 0 0 0 0 1 1 0 0 0;
             1 1 0 0 1 0 0 0 0 1 0 1 1 0 1 1 1 0 1 0 1 1 0 0;
             0 0 0 0 0 1 1 1 0 0 0 0 1 1 1 0 0 1 0 1 0 0 0 0];

 
 %{
  Uns_states1=[1 1 1 1 1 0 0 0 0 0 1 1 1 1 1 1 1 1 0 0 0 0 0 1];
 Uns_states2=[0 0 0 0 0 1 0 1 1 1 1 1 1 1 0 0 0 0 1 1 1 1 1 0];
 Uns_states3=[0 0 0 0 0 0 0 1 1 0 0 1 0 1 0 0 1 1 0 0 1 0 0 0];
 Uns_states4=[0 0 0 0 0 0 0 1 0 0 1 0 0 1 0 1 0 0 0 1 1 0 0 0];
 Uns_states5=[1 1 0 0 0 0 0 0 1 1 0 0 0 0 0 0 0 0 0 1 1 1 1 0];
 Uns_states6=[0 0 0 1 1 0 0 0 0 0 1 1 1 0 0 0 0 0 0 1 1 0 0 0];
 Uns_states7=[1 1 0 0 1 0 0 0 0 1 0 1 1 0 1 1 1 0 1 0 1 1 0 0];
 Uns_states8=[ 0 0 0 0 0 1 1 1 0 0 0 0 1 1 1 0 0 1 0 1 0 0 0 0];
 Uns_states=[]
%}